0 5.477663737329381
1 3.815164212114848
2 3.212007682164189
3 2.835577773218301
4 2.5488439819799584
5 2.3370580127310383
6 2.158513975521322
7 2.0107018618284114
8 1.885181260965786
9 1.7890084915524194
10 1.692384443392684
11 1.6286531051145494
12 1.5557857875573153
13 1.4992134548727638
14 1.4413652044638519
15 1.3907709800832617
16 1.3548030281920533
17 1.3098558423251694
18 1.2793881053990954
19 1.2428831357837147
20 1.2172424777482327
21 1.188674563589571
22 1.1669888378684823
23 1.1333989016372084
24 1.1145107795646996
25 1.0922206338327085
26 1.083433992284632
27 1.0628011282951693
28 1.051441094727586
29 1.0343872544323955
30 0.7927329959798549
31 0.7224893961550344
32 0.690129007752495
33 0.6710297321122272
34 0.6529270751160559
35 0.639762092509304
36 0.6332491592300477
37 0.6201814748231244
38 0.6080288906247739
39 0.597880025129932
40 0.5909295710992354
41 0.583807595716088
42 0.5727132613464183
43 0.569419462369133
44 0.5606504417642713
45 0.553826731288476
46 0.5406595663930295
47 0.5395415912101582
48 0.5293801104538118
49 0.5314961938854871
50 0.5185019010095053
51 0.5138277331434575
52 0.5102541086152238
53 0.5072356009709826
54 0.4985758103613464
55 0.4949373435324482
56 0.48687325543437193
57 0.4817393726887268
58 0.48279110651951773
59 0.47579324509345133
60 0.4399305566793546
61 0.42342777159028105
62 0.4202401094043174
63 0.4157605273935281
64 0.4156099095832262
65 0.4077553994755031
66 0.4106773959353847
67 0.41134559559887385
68 0.40328004493198977
69 0.3989173940363439
70 0.40190394689887743
71 0.3983780841383956
72 0.40089997782997333
73 0.39457130368755244
74 0.39662375889463825
75 0.39665571881681067
76 0.3886766702752769
77 0.3891148545341205
78 0.39164937159663166
79 0.39199109586404796
80 0.3900912565056278
81 0.38460447962993627
82 0.38324517488991494
83 0.3805114291829753
84 0.3801615877096876
85 0.38527430767962717
86 0.38133727401846196
87 0.37918678860060495
88 0.38165400696809115
89 0.3774186315316051
90 0.37980717638410255
91 0.3754719465473225
92 0.3802784968021312
93 0.37150058881111603
94 0.37818323502579054
95 0.3774311656322458
96 0.37536844315047774
97 0.3734660708647102
98 0.3747667787749975
99 0.37155168790004045
100 0.37120941435165633
101 0.3745150730966687
102 0.3685332678591813
103 0.36972867224697836
104 0.37167450196031326
105 0.36912319292675994
106 0.3747741865661412
107 0.36854831052994774
108 0.37243653789982095
109 0.3689183514842489
110 0.37068305768595483
111 0.3738451984741595
112 0.3678031092754233
113 0.3695152768926787
114 0.3707105595701144
115 0.3736813936465542
116 0.3649084989093901
117 0.37003712484472784
118 0.36591477730153776
119 0.3770869323470421
